Date|Model|Grade|Sentence
21/01/2009|x-ai/grok-4-fast|0|Os membros do Copom analisaram a evolução recente e as perspectivas para a economia brasileira e para a economia internacional, no contexto do regime de política monetária, cujo objetivo é atingir as metas fixadas pelo governo para a inflação.  volução recente da economia.
21/01/2009|x-ai/grok-4-fast|1|Note-se que, ao contrário dos trimestres anteriores, no último trimestre de 2008 a inflação acumulada (1, 09%) foi sensivelmente inferior àquela registrada em igual período de 2007 (1, 43%).
21/01/2009|x-ai/grok-4-fast|0|Sob o critério da variação acumulada em doze meses, a aceleração do nível de preços ao consumidor em 2008 refletiu tanto o comportamento dos preços administrados por contrato e monitorados quanto o dos preços livres.
21/01/2009|x-ai/grok-4-fast|-1|Além disso, note-se que, também em doze meses, tanto os preços de bens comercializáveis quanto os de itens não comercializáveis mostraram aceleração, variando 6, 99% e 7, 09%, respectivamente (4, 75% e 6, 65% em 2007).
21/01/2009|x-ai/grok-4-fast|0|No caso dos preços de serviços, cuja dinâmica tende a exibir mais persistência do que a dos preços de bens, a inflação acumulada em doze meses recuou de 6, 48% em novembro para 6, 39% em dezembro (5, 19% em dezembro de 2007).
21/01/2009|x-ai/grok-4-fast|0|Considerando-se perspectiva mais ampla, a inflação em doze meses do IPCA entrou em trajetória de elevação desde o segundo trimestre de 2007, atingiu patamares próximos ao limite superior do intervalo de tolerância a partir de junho de 2008 e vem recuando desde outubro (quando atingiu 6, 41%) – a variação dos preços livres, sob esse critério de comparação, que passaram a acelerar mais intensamente a partir do segundo trimestre de 2007, começou a arrefecer no terceiro trimestre de 2008.
21/01/2009|x-ai/grok-4-fast|-1|No caso dos itens administrados, cujo comportamento incorpora de forma mais intensa desenvolvimentos inflacionários pretéritos, as taxas em doze meses seguem tendência de elevação.
21/01/2009|x-ai/grok-4-fast|1|Em síntese, o conjunto das informações disponíveis sugere que o ciclo inflacionário observado nos últimos trimestres tende a ser superado, gradativamente, em processo que deve ser liderado pelo comportamento dos preços livres, uma vez que a inflação dos preços administrados deve mostrar maior persistência.
21/01/2009|x-ai/grok-4-fast|0|As três principais medidas de inflação subjacente calculadas pelo Banco Central exibiram comportamento distinto nos últimos meses, mas mostraram convergência em dezembro.
21/01/2009|x-ai/grok-4-fast|-1|Assim como no caso da inflação plena, em 2008 as três medidas de núcleo exibiram sensível elevação ante as taxas verificadas em 2007, com deslocamentos de 4, 11%, 4, 04% e 3, 62%, para 6, 09%, 4, 82% e 4, 92%, para o índice por exclusão, médias aparadas com e sem suavização, respectivamente.
21/01/2009|x-ai/grok-4-fast|1|Também em consonância com o comportamento da inflação plena, as taxas de variação acumulada em doze meses para as medidas de núcleo parecem ter atingido pontos máximos em setembro (pelo critério de médias aparadas, com ou sem suavização) ou em outubro (por exclusão), recuando posteriormente, ainda que para patamares superiores ao valor central da meta.
21/01/2009|x-ai/grok-4-fast|0|Cabe notar, adicionalmente, que o índice de difusão do IPCA, que havia mostrado elevação substancial em novembro e continuava apontando para um processo inflacionário relativamente disseminado, recuou em dezembro (de 64, 58 para 61, 72, ante 61, 98 em dezembro de 2007).
21/01/2009|x-ai/grok-4-fast|0|O Índice de Preços ao Consumidor – Brasil (IPC-Br) variou 6, 07% (4, 60% em 2007), e o Índice de Preços no Atacado – Disponibilidade Interna (IPA-DI) teve incremento de 9, 80% (9, 44% em 2007).
21/01/2009|x-ai/grok-4-fast|1|Note-se que, não obstante os efeitos da depreciação cambial ocorrida desde agosto, tanto os preços agrícolas no atacado quanto os industriais têm registrado deflação na margem.
21/01/2009|x-ai/grok-4-fast|0|Conforme destacado em Notas de reuniões anteriores, o Copom avalia que os efeitos do comportamento dos preços no atacado sobre a inflação para os consumidores dependerão das condições atuais e prospectivas da demanda e das expectativas dos formadores de preços em relação à trajetória futura da inflação.
21/01/2009|x-ai/grok-4-fast|-1|Por sua vez, o arrefecimento no ritmo de expansão da produção de bens duráveis reflete, em grande parte, o aperto nas condições de crédito, a deterioração das expectativas dos consumidores e o processo de redução de estoques acima citado.
21/01/2009|x-ai/grok-4-fast|0|Nos próximos trimestres, a trajetória do comércio varejista continuará sendo sustentada pelas transferências governamentais e pelo crescimento da massa salarial real, cuja evolução deve ser beneficiada pela redução da inflação, mas será também afetada pela mudança nas condições de acesso ao crédito e pela deterioração da confiança dos consumidores.
21/01/2009|x-ai/grok-4-fast|1|Essa redução da taxa de utilização da capacidade, na comparação interanual, também se verifica na indústria de bens de consumo (-9, 5   ), de bens intermediários (-6, 0   ), bens de capital (-2, 6   ) e de material de construção (-4, 9   ).
21/01/2009|x-ai/grok-4-fast|0|A propósito, como assinalado em Notas anteriores das reuniões do Copom, a trajetória da inflação mantém estreita relação com os desenvolvimentos correntes e prospectivos no tocante à ampliação da oferta de bens e de serviços para o adequado atendimento à demanda.
21/01/2009|x-ai/grok-4-fast|0|A balança comercial continua registrando perda de vigor na margem, tendência já antecipada e que está em consonância com avaliações expressas em Relatórios de Inflação e em Notas de reuniões anteriores do Copom.
21/01/2009|x-ai/grok-4-fast|0|A reversão da trajetória de apreciação cambial e a acomodação do ritmo de expansão da demanda doméstica podem contribuir para a recuperação do superávit comercial, mas a queda dos preços de exportações atua na direção oposta.
21/01/2009|x-ai/grok-4-fast|0|A contração da liquidez internacional continuou contribuindo para um processo de desalavancagem por parte de administradores de recursos, o que, por sua vez, vem exercendo influência baixista sobre os preços de ativos.
21/01/2009|x-ai/grok-4-fast|0|Em ambiente de mais aversão ao risco e de fluxos de capitais mais escassos, a volatilidade das moedas de economias emergentes continua, ainda que sem a tendência generalizada de depreciação ante o dólar americano observada nos meses finais de 2008.
21/01/2009|x-ai/grok-4-fast|1|Nas economias maduras, onde a ancoragem das expectativas de inflação é mais forte, e a atividade econômica vem se enfraquecendo consideravelmente, as pressões inflacionárias têm mostrado redução rápida.
21/01/2009|x-ai/grok-4-fast|1|Nas economias emergentes, em que os efeitos secundários da elevação dos preços de matérias-primas sobre os preços ao consumidor e as pressões da demanda aquecida sobre a capacidade de expansão da oferta vinham sendo mais intensos, as pressões inflacionárias têm também declinado, embora mostrem, em diversos casos, maior persistência.
21/01/2009|x-ai/grok-4-fast|1|Nesse contexto, ao mesmo tempo em que as políticas monetárias adquiriram caráter fortemente expansionista nas economias maduras, nas economias emergentes, que, além dos fatores citados acima, têm sido influenciadas pela tendência de depreciação cambial, a reação tem sido heterogênea, mas com viés dominante também expansionista.
21/01/2009|x-ai/grok-4-fast|0|A incerteza que envolve essas cotações segue elevada, uma vez que o cenário prospectivo depende da evolução da demanda, especialmente nas economias emergentes, da resposta da oferta aos estímulos derivados de mudanças de preços relativos ocorridas, além das questões geopolíticas que atuam sobre os preços dessa mercadoria.
21/01/2009|x-ai/grok-4-fast|0|Essa projeção baseia-se em modelos de determinação endógena de preços administrados, que consideram, entre outros, componentes sazonais, variações cambiais, inflação de preços livres e inflação medida pelo Índice Geral de Preços (IGP);.
21/01/2009|x-ai/grok-4-fast|-1|a trajetória estimada para a taxa do de 360 dias indica sobre a taxa Selic, no cenário de referência, de 5   no quarto trimestre de 2009 e de 22   no último trimestre de 2010.
21/01/2009|x-ai/grok-4-fast|1|Considerando-se as hipóteses do cenário de referência, que leva em conta a manutenção da taxa de câmbio em R$2, 35 e da taxa Selic em 13, 75% ao ano em todo o horizonte, a projeção para a inflação em 2009 recuou em relação ao valor considerado na reunião do Copom de dezembro e se situa abaixo do valor central de 4, 50% para a meta fixada pelo Conselho Monetário Nacional (CMN).
21/01/2009|x-ai/grok-4-fast|0|No cenário de mercado, que leva em conta as trajetórias de câmbio e de juros apuradas pela Gerin junto a analistas no período imediatamente anterior à reunião do Copom, a projeção de inflação para 2009 recuou ligeiramente em relação ao valor considerado na última reunião do Copom, mas ainda permanece ao redor do valor central para a meta de inflação.
21/01/2009|x-ai/grok-4-fast|1|Para 2010, a projeção de inflação, segundo o cenário de referência, recuou em relação ao valor considerado no “Relatório de Inflação” de dezembro e se encontra sensivelmente abaixo do valor central de 4, 50%, e no cenário de mercado, sofreu ligeira elevação e se encontra em torno do valor central de 4, 50%.
21/01/2009|x-ai/grok-4-fast|1|Os dados disponíveis referentes à atividade econômica indicam que o ritmo de expansão da demanda, que continuava bastante robusto até o terceiro trimestre de 2008, respondendo, ao menos parcialmente, pelas pressões inflacionárias, arrefeceu consideravelmente desde então, em parte em reação ao substancial e generalizado desaquecimento da atividade em outras economias, avançadas e emergentes.
21/01/2009|x-ai/grok-4-fast|0|Assim, em linhas gerais, a influência do cenário externo sobre a trajetória prospectiva da inflação brasileira continua sujeita a efeitos, a princípio contraditórios, que podem atuar com intensidade distinta ao longo do tempo, e envolta em considerável incerteza.
21/01/2009|x-ai/grok-4-fast|0|Por um lado, o desaquecimento econômico tem ocasionado aumento da aversão ao risco, afetando a demanda por ativos brasileiros e ocasionando depreciação de seus preços.
21/01/2009|x-ai/grok-4-fast|1|Por outro lado, a desaceleração mais generalizada da atividade observada nos últimos meses, que pode persistir nos próximos trimestres, vem ocasionando arrefecimento tanto dos preços de quanto da demanda externa, influenciando negativamente também as condições financeiras locais.
21/01/2009|x-ai/grok-4-fast|1|Note-se, adicionalmente, que a trajetória dos índices de preços evidencia significativa redução das pressões inflacionárias externas, especialmente nas economias maduras, mas também em algumas emergentes.
21/01/2009|x-ai/grok-4-fast|0|O Comitê avalia que a materialização desse repasse, bem como a generalização de pressões inicialmente localizadas sobre preços ao consumidor, segue dependendo de forma crítica das expectativas dos agentes econômicos para a inflação.
21/01/2009|x-ai/grok-4-fast|-1|Em particular, as expectativas de inflação para 2009 permanecem em patamares superiores à meta, embora tenham recuado substancialmente desde a última reunião do Copom, e continuam sendo monitoradas com particular atenção.
21/01/2009|x-ai/grok-4-fast|0|De qualquer modo, o Comitê reafirma que continuará conduzindo suas ações de forma a assegurar que os ganhos obtidos no combate à inflação em anos recentes sejam permanentes.
21/01/2009|x-ai/grok-4-fast|0|O Copom considera importante ressaltar, mais uma vez, que há defasagens importantes entre a implementação da política monetária e seus efeitos tanto sobre o nível de atividade como sobre a inflação.
21/01/2009|x-ai/grok-4-fast|0|Dessa forma, a avaliação de decisões alternativas de política monetária deve concentrar-se, necessariamente, na análise do cenário prospectivo para a inflação e nos riscos a ele associados, em vez de privilegiar os valores correntes observados para essa variável.
21/01/2009|x-ai/grok-4-fast|-1|Por outro lado, os riscos remanescentes para a dinâmica inflacionária derivam da trajetória dos preços de ativos brasileiros, em meio a um processo de estreitamento das fontes de financiamento externo, e de mecanismos de reajuste de preços que contribuem para prolongar no tempo pressões inflacionárias observadas no ano passado.
21/01/2009|x-ai/grok-4-fast|0|O balanço dessas influências sobre a trajetória prospectiva da inflação será fundamental na avaliação das diferentes possibilidades que se apresentam para a política monetária.
21/01/2009|x-ai/grok-4-fast|-1|A evidência internacional, bem como a experiência brasileira, indica que taxas de inflação elevadas levam ao aumento dos prêmios de risco, ao encurtamento dos horizontes de planejamento e, consequentemente, à redução do potencial de crescimento da economia, além de ter efeitos regressivos sobre a distribuição de renda.
21/01/2009|x-ai/grok-4-fast|-1|Assim sendo, a estratégia adotada pelo Copom visa trazer a inflação de volta à meta central de 4, 5%, estabelecida pelo CMN, já em 2009, e mantê-la em patamar consistente com a trajetória de metas em 2010.
21/01/2009|x-ai/grok-4-fast|1|O Copom avalia que, diante dos sinais, evidenciados desde a sua última reunião, de arrefecimento do ritmo de atividade econômica, no que se refere, por exemplo, aos indicadores de produção industrial (exacerbados por um ciclo de estoques), certos dados disponíveis sobre o mercado de trabalho e as taxas de utilização da capacidade na indústria, bem como sobre confiança de empresários e consumidores, e do recuo das expectativas de inflação para horizontes relevantes, reduziram-se de forma importante os riscos de não concretização de um cenário inflacionário benigno, no qual o IPCA voltaria a evoluir de forma consistente com a trajetória das metas.
21/01/2009|x-ai/grok-4-fast|1|O Copom considera, também, que a desaceleração da demanda reduziu as pressões, verificadas durante boa parte de 2008, sobre as condições de oferta, o que deve contribuir de forma importante para desinflacionar a economia.
21/01/2009|x-ai/grok-4-fast|0|Ainda assim, a política monetária deve manter postura cautelosa, visando assegurar a convergência da inflação para a trajetória de metas, a despeito de haver margem para um processo de flexibilização.
21/01/2009|x-ai/grok-4-fast|-1|O Comitê entende que a consolidação de condições financeiras restritivas por período mais prolongado deve exercer efeito contracionista significativo sobre a demanda e, ao longo do tempo, desempenhar pressão desinflacionária importante.
21/01/2009|x-ai/grok-4-fast|1|Nessas circunstâncias, a maioria dos membros do Copom, tendo em vista o balanço de riscos para a atividade econômica, e, consequentemente, para o cenário inflacionário prospectivo, bem como a ausência de evidências nítidas de repasse da depreciação cambial ocorrida, em ambiente de redução global das pressões inflacionárias, decidiu, neste momento, reduzir a taxa básica de juros em 100.
21/01/2009|x-ai/grok-4-fast|0|Outros membros do Comitê avaliam que, diante da presença de mecanismos de realimentação inflacionária na economia e das consequências do processo de ajuste do balanço de pagamentos, uma redução mais comedida da taxa básica de juros proporcionaria sinalização mais consistente com a tendência prospectiva de convergência da inflação para a trajetória de metas e corresponderia melhor à velocidade ótima de implementação do processo de flexibilização.
21/01/2009|x-ai/grok-4-fast|1|Com isso, o Comitê inicia um processo de flexibilização da política monetária realizando de imediato parte relevante do movimento da taxa básica de juros, sem prejuízo para o cumprimento da meta para a inflação.
21/01/2009|x-ai/grok-4-fast|0|No regime de metas para a inflação, o Copom orienta suas decisões de acordo com os valores projetados para a inflação, a análise de diversos cenários alternativos para a evolução das principais variáveis que determinam a dinâmica prospectiva dos preços e o balanço dos riscos associado às suas projeções.
21/01/2009|x-ai/grok-4-fast|0|Evidentemente, na eventualidade de se verificar deterioração no perfil de riscos que implique modificação do cenário prospectivo básico traçado para a inflação pelo Comitê neste momento, a postura da política monetária será prontamente adequada às circunstâncias.
21/01/2009|x-ai/grok-4-fast|1|Os preços livres registraram desaceleração em dezembro, variando 0, 28% ante 0, 44% em novembro, como resultado das altas de 0, 17% nos preços dos produtos comercializáveis e de 0, 36% nos não-comercializáveis, ante 0, 60% e 0, 29%, respectivamente, em novembro.
21/01/2009|x-ai/grok-4-fast|1|O Índice de Preços por Atacado (IPA) apresentou variação negativa de 0, 88%, refletindo a quinta queda consecutiva nos preços dos produtos agropecuários, de 1, 30%, e recuo de 0, 73% nos preços dos produtos industriais.
21/01/2009|x-ai/grok-4-fast|1|Ressalte-se a expressiva desaceleração do IPA consideradas as variações acumuladas em doze meses, concluídos em outubro e em novembro, 14, 72% e 12, 88%, respectivamente, situação para a qual contribuiu marcadamente o comportamento do IPA-Agrícola.
21/01/2009|x-ai/grok-4-fast|-1|A variação do Índice de Preços ao Consumidor-Semanal (IPC-S) aumentou de 0, 52% na última semana de dezembro para 0, 68% na primeira semana de janeiro de 2009 e 0, 69% na segunda.
21/01/2009|x-ai/grok-4-fast|0|Conforme os dados da Associação Comercial de São Paulo (ACSP), dessazonalizados pelo Banco Central, as consultas ao Serviço Central de Proteção ao Crédito (SCPC) referentes à capital paulista, registraram retração de 3, 2% em dezembro, em relação ao mês anterior, enquanto as consultas direcionadas ao Usecheque apresentaram expansão de 1, 4%.
21/01/2009|x-ai/grok-4-fast|0|Em comparação a iguais períodos de 2007, o faturamento real diminuiu 7% em novembro, com alta de 6, 4% nos primeiros onze meses do ano, e o indicador de horas trabalhadas na produção cresceu 1, 4% e 5, 6%, nas mesmas bases de comparação.
21/01/2009|x-ai/grok-4-fast|0|De acordo com a mesma pesquisa, o rendimento médio real habitualmente recebido apresentou aumento mensal de 0, 9% em novembro e crescimento de 4% comparativamente ao mesmo mês do ano anterior, representando o segundo mês seguido de desaceleração nessa base de comparação.
21/01/2009|x-ai/grok-4-fast|0|Entre as operações de crédito com recursos livres, com participação de 71, 4% no total do sistema financeiro, registre-se o arrefecimento do dinamismo nas operações destinadas a pessoas físicas, tanto no âmbito das modalidades que compõem o crédito referencial para taxa de juros, quanto das operações de arrendamento mercantil, cujo saldo cresceu 98, 6% em doze meses, mas apenas 0, 1% em novembro.
21/01/2009|x-ai/grok-4-fast|0|A taxa média de juros ativa, incidente sobre as operações de crédito referenciais, situou-se em 44, 1%   em novembro, ante 42, 9%   em outubro e 34, 7%   em novembro de 2007.
21/01/2009|x-ai/grok-4-fast|0|A taxa de inadimplência das operações de crédito referenciais, correspondente a atrasos superiores a noventa dias, situou-se em 4, 2% em novembro, 0, 3   menor que a registrada no mesmo mês de 2007.
21/01/2009|x-ai/grok-4-fast|0|As atuais condições econômico-financeiras têm implicado queda no consumo e deterioração das expectativas empresariais e de consumidores, impactando negativamente a produção, o investimento e o PIB real, delineando a mais grave inflexão econômica desde 1929.
21/01/2009|x-ai/grok-4-fast|1|A recessão nos Estados Unidos, Japão, Reino Unido, Alemanha, Itália e Austrália, entre outros; a expressiva diminuição da utilização da capacidade instalada verificada globalmente; e a retração do comércio internacional explicam o aprofundamento do declínio nos preços das, em especial do petróleo.
21/01/2009|x-ai/grok-4-fast|-1|Esse quadro, que contamina progressivamente as economias emergentes, tanto pela queda nas importações dos países desenvolvidos quanto pela crescente dificuldade de financiamento externo, expõe a fragilidade da tese do descolamento e traduz-se em estimativas de contração global do PIB da ordem de 4, 1% no 4º trimestre de 2008, ao que se deve somar uma contração de 2, 6% no primeiro trimestre de 2009.
21/01/2009|x-ai/grok-4-fast|1|Diante da extensão da inflexão do processo inflacionário e o enfraquecimento da atividade econômica, inicialmente verificados nas economias desenvolvidas, mas progressivamente presentes nas economias emergentes, verifica-se a distensão contínua das políticas monetárias em termos globais, inclusive na América Latina, onde, entre dezembro de 2008 e janeiro de 2009, os bancos centrais da Colômbia, do Chile e do México deram início ao processo de redução das taxas básicas de juros.
21/01/2009|x-ai/grok-4-fast|1|No Japão e nos Estado Unidos, onde as taxas já estão praticamente zeradas, os bancos centrais alteraram o foco de atuação da política monetária passando a trabalhar sob o cenário de afrouxamento quantitativo ( ) e consequente ampliação de seus balanços (no Fed, o aumento passou de US$ 900 bilhões em setembro para US$ 2, 3 trilhões em meados de dezembro).
21/01/2009|x-ai/grok-4-fast|1|A queda das taxas nesse período foi influenciada, principalmente, pelo recuo dos índices de inflação corrente e das expectativas inflacionárias e pela divulgação de indicadores que evidenciaram redução do ritmo de expansão da atividade econômica, com reflexos negativos para o mercado de trabalho.
21/01/2009|x-ai/grok-4-fast|1|Também contribuiu para esse movimento, no cenário externo, a decisão do (FOMC) de adotar, na reunião de 16 de dezembro, uma banda de referência para a taxa dos, de zero a 0, 25%.
21/01/2009|x-ai/grok-4-fast|0|A taxa real de juros, medida pelo quociente entre a taxa nominal de um ano e a expectativa de inflação (suavizada) para os próximos doze meses, caiu de 7, 38%, em 8 de dezembro, para 6, 25%, em 19 de janeiro.
